0.0 0.0 0.0 0.0 0.0 0.0 0.0 0.0 0.0 0.0 0.0 0.0 0.0 0.0 0.0 0.0 0.0 0.0 0.0 0.0 0.0 0.0 0.0 0.0 0.0 0.0 0.0 0.0 0.0 0.0 0.0 0.0 0.0 0.0 0.0 0.0 0.0 0.0 0.0 0.0 0.0 0.0 0.0 0.0 0.0 0.0 0.0 0.0 0.0 0.0 0.0
0.0 -209.62283464366433 -198.73374820031538 -186.9262988046672 -175.04201240664355 -163.14379340751498 -151.23606428252901 -139.3192895596918 -127.39370640392919 -115.4595552247408 -103.51709388629564 -91.56660015801826 -79.60837380645178 -67.64273894684075 -55.67004671865968 -43.69067834699484 -31.705048655239114 -19.713610112959984 -7.716857518223626 4.284666562788272 16.29036544900305 28.299580905172263 40.31158438064891 52.32556664026356 64.3406254293685 76.35575072254899 88.36980698615388 100.38151173002213 112.38940942220557 124.39183957667333 136.3868974771541 148.37238554221793 160.34575272908458 172.30401856412777 184.2436773049949 196.16057628430576 208.0497605225548 219.90527304100488 231.71989669488912 243.48481842329315 255.1891900737525 266.81955070785375 278.35907724620915 289.78533258257556 301.1121314377927 312.08294204010514 321.86571721984575 329.9003202045723 335.6452901982201 338.6480108024484 0.0
0.0 -198.73374820031538 -195.0825673648262 -183.77162234333727 -171.87983568623335 -159.9385967592466 -147.98403618357483 -136.0184420077507 -124.04202791658781 -112.05489707714887 -100.0571507272378 -88.04889343582924 -76.0302331920016 -64.00128116018425 -51.96215131366184 -39.912959906657996 -27.853824746801067 -15.784864204727054 -3.7061958869186387 8.382065128535677 20.47980862105392 32.586932289655365 44.70334576703027 56.828975873389986 68.96377348863149 81.10772254286952 93.26085178782442 105.42325022989374 117.59508739989937 129.77664003225405 141.96832726572447 154.17075721187126 166.38478873871946 178.61161368788257 190.852866624712 203.11077181058877 215.3883406604653 227.6896378944254 240.0201414531913 252.38723078942084 264.800851448127 277.2743048745622 289.83551180498944 302.17179592084426 314.0459094131468 325.1344531521609 334.99948613814115 343.1118250294138 348.9205604737471 351.95959713773976 0.0
0.0 -186.9262988046672 -183.77162234333727 -177.4906934060694 -165.8679881918406 -153.8707711032069 -141.83798275659697 -129.7903528990134 -117.7289578823024 -105.65378022129786 -93.56473884638932 -81.46173885329311 -69.34467211668124 -57.21341550578723 -45.067828716026554 -32.907751771748714 -20.73300213833345 -8.543371387087195 3.661378663253118 15.881520410222207 28.117365633794734 40.3692714736979 52.63764734127418 64.92296290204894 77.22575727704884 89.54664961819806 101.8863512129815 114.2456792599104 126.62557242085798 139.0271081859597 151.45152196225519 163.9002275897806 176.3748386559373 188.8771894580216 201.40935366286737 213.97365749692443 226.57268247284574 239.2092499323175 251.88637564030742 264.6071766925998 277.3756446847745 290.1150222652657 302.73879671612656 315.12017259903956 327.04956848192387 338.20672940013424 348.150253938691 356.3416070731809 362.21587262168225 365.2923791195598 0.0
0.0 -175.04201240664355 -171.87983568623335 -165.8679881918406 -157.39411683582279 -145.50539955105626 -133.39266749113722 -121.25252638326327 -109.0956770102115 -96.92248960664134 -84.73281075962512 -72.5264508671592 -60.30320468322656 -48.06285092568219 -35.80515098685453 -23.529847526943346 -11.236662997992486 1.0747018953738998 13.404569775049826 25.753288181878162 38.12123113892203 50.50880062883066 62.91642790622812 75.34457453935387 87.79373303975154 100.26442689440506 112.75720975833396 125.27266349544043 137.81139466855922 150.37402897400622 162.9612029895561 175.57355245735292 188.21169615704056 200.87621424663178 213.56761977494114 226.28632192941228 239.03257952910016 251.80644339269966 264.60768665072897 277.4281992458945 290.2388601212259 303.0049919535981 315.66041134782597 328.08347712181467 340.0678315468049 351.2941280534469 361.31741131757605 369.5896284156652 375.5313280793636 378.6465274907529 0.0
0.0 -163.14379340751498 -159.9385967592466 -153.8707711032069 -145.50539955105626 -135.3982945641223 -123.30364265365007 -111.08313365182062 -98.83984399780428 -86.57872472668569 -74.29983796840264 -62.00302274142792 -49.68810288371675 -37.3548953718554 -25.00321075390276 -12.632853421975161 -0.2436220127177535 12.164690017542844 24.59229361021011 37.039403069858814 49.506234730254825 61.993005264796565 74.49992957943586 87.02721821892294 99.57507421187765 112.14368927614359 124.73323930531895 137.34387906169067 149.97573601291063 162.62890327302893 175.30343164775186 187.99932084511528 200.71651000404708 213.45486782424865 226.21418276310683 238.99415401213858 251.7943842904633 264.6143759078932 277.4488811951118 290.2890756048251 303.1201005009967 315.9104788961959 328.5969385475378 341.0613434142155 353.1006115988441 364.39657443855765 374.5009059638535 382.85590509248107 388.8670371675581 392.0222218709938 0.0
0.0 -151.23606428252901 -147.98403618357483 -141.83798275659697 -133.39266749113722 -123.30364265365007 -112.11286028887206 -99.8719012008091 -87.56225283819485 -75.23260767226644 -62.88502900108798 -50.51950424244552 -38.135939482086656 -25.7342395340642 -13.3143114649483 -0.876065478920887 11.58058417215852 24.05571816769952 36.54941097359682 49.061729570380756 61.59273205059275 74.14246608703392 86.71096727769093 99.29825738047944 111.90434245958677 124.52921097679616 137.1728318754578 149.8351527225038 162.5160979951638 175.21556762404845 187.9334359327234 200.66955114505794 213.4237356638557 226.19578735470606 238.98548209298346 251.79257784236225 264.61682051969905 277.45617328063594 290.3078408270661 303.1659588756054 316.01697323116207 328.83126463369285 341.5483652386482 354.0537514446846 366.14785486155165 377.5139925350903 387.70067975313157 396.1404499169833 402.2231134683521 405.4196507670701 0.0
0.0 -139.3192895596918 -136.0184420077507 -129.7903528990134 -121.25252638326327 -111.08313365182062 -99.8719012008091 -88.03747422457059 -75.69822187379417 -63.3200990255204 -50.92379775398663 -38.510104464082815 -26.079016694751974 -13.630508142847702 -1.1645563534041088 11.31885593185172 23.819740256818434 36.3381019505696 48.8739396326745 61.42724473345275 73.99800104391797 86.58618431182391 99.19176190417862 111.81469255963533 124.45492625790905 137.11240423667246 149.78705918950453 162.47881568074075 175.18759081415953 187.91329519159493 200.6558341940211 213.41510961038495 226.19102162733003 238.98347117468649 251.7923625959276 264.6176065786397 277.45854639953893 290.3143138289466 303.18279507589784 316.0586961351206 328.9294927459749 341.76737652722574 354.51470487039325 367.06068450534866 379.20950605351874 390.6463012100644 400.91666785806984 409.443271989686 415.5996739364554 418.83901228722647 0.0
0.0 -127.39370640392919 -124.04202791658781 -117.7289578823024 -109.0956770102115 -98.83984399780428 -87.56225283819485 -75.69822187379417 -63.51681353239525 -51.11173525079976 -38.68176044471009 -26.234793263715545 -13.771113438772034 -1.2907324876998443 11.206343356004451 23.720104704864415 36.250538730137315 48.79762914117415 61.3613562106231 73.94169684763142 86.5386247252784 99.15211046958333 111.78212191668736 124.42862444449439 137.0915813838615 149.77095451289935 162.4667046356185 175.1787922431067 187.90717825145157 200.65182480571372 213.41269613335712 226.18975942373848 238.98298570271663 251.79235066352354 264.617835407304 277.45926022271345 290.31637581434063 303.1884932627008 316.07373796357297 328.96731554268706 341.8576928015597 354.7188453270152 367.4959729394883 380.08212691948177 392.2855082339201 403.79341395933017 414.1487981674359 422.7643761816979 428.9968390105003 432.2805149317826 0.0
0.0 -115.4595552247408 -112.05489707714887 -105.65378022129786 -96.92248960664134 -86.57872472668569 -75.23260767226644 -63.3200990255204 -51.11173525079976 -38.75469879832734 -26.302565282559833 -13.83143110366649 -1.3440066716552026 11.159616273457024 23.679427984681322 36.21541986151623 48.767582271072854 61.335904632507 73.92037558257395 86.52098316635033 99.13771505207228 111.77055876892854 124.41950196617131 137.08453269073894 149.76563967955337 162.46281266135585 175.17604266162317 187.90532230270873 200.65064608999637 213.41201067361717 226.18941507430034 238.98286086136 251.79235227085422 264.6178962528024 277.4594588085197 290.3169826347237 303.19027182325794 316.0787298502092 328.98069652641976 341.8918488604233 354.8016082716171 367.6857033527083 380.4921869520311 393.1180642520749 405.37580292808656 416.9552386759693 427.39699065609005 436.10376254707467 442.4147327180475 445.7443784696553 0.0
0.0 -103.51709388629564 -100.0571507272378 -93.56473884638932 -84.73281075962512 -74.29983796840264 -62.88502900108798 -50.92379775398663 -38.68176044471009 -26.302565282559833 -13.855632390554875 -1.3658170597163792 11.140763115190161 23.663279316599205 36.2017090101502 48.75605255745272 61.32631100739126 73.91248564283484 86.51457808395467 99.13259040698871 111.76652526416113 124.41638600253921 137.0821767793376 149.763902671021 162.46156977327362 175.175185288769 187.90475759960017 200.65029632129387 213.41181233555037 226.18931779925433 238.9828261279184 251.79235195257078 264.6179110501817 277.4595099173835 290.317147657227 303.1907839647261 316.0802554379544 328.98504768778326 341.9036983398743 354.83232809196625 367.7612747816883 380.6679844968291 393.5033665769686 406.16848356237625 418.48033028725587 430.1316774235611 440.661156699084 449.4614256531511 455.8534827708661 459.2308349124172 0.0
0.0 -91.56660015801826 -88.04889343582924 -81.46173885329311 -72.5264508671592 -62.00302274142792 -50.51950424244552 -38.510104464082815 -26.234793263715545 -13.83143110366649 -1.3658170597163792 11.133583843496737 23.657022542440345 36.19647457449938 48.751721227230085 61.322766328194085 73.90961974742154 86.51229194547042 99.13079389382251 111.76513711264484 124.41533370601039 137.08139639115902 149.76333852089323 162.46117409825808 175.17491778280348 187.90458488787883 200.6501913686283 213.41175380061455 226.1892893493059 238.9828157310064 251.792351166178 264.61791432648323 277.4595220838004 290.3171891297715 303.1909200430484 316.08068492932614 328.9863486685044 341.9074708525752 354.8427708952419 367.7887853817844 380.73672867125583 393.66572425562975 406.52953380612354 419.23337368073106 431.5990292852361 443.32262621825043 453.941198325476 462.8373538164453 469.31322064610333 472.7401295994209 0.0
0.0 -79.60837380645178 -76.0302331920016 -69.34467211668124 -60.30320468322656 -49.68810288371675 -38.135939482086656 -26.079016694751974 -13.771113438772034 -1.3440066716552026 11.140763115190161 23.657022542440345 36.1945728460338 48.750123783883524 61.321477954257524 73.90859435011502 86.5114870366868 99.1301716697824 111.76466429239393 124.41498131275192 137.08113950256833 149.7631559920686 162.46104826135743 175.17483412819405 187.90453173233936 200.65015951674738 213.41173620597678 226.18928078230215 238.982812460101 251.79235065917345 264.6179149777134 277.4595247607738 290.3171987594101 303.1909534050292 316.08079632700765 328.9867064377402 341.90857345582134 354.84602328347967 367.7979415633501 380.7612529718359 393.72800695505276 406.67895975242686 419.57071311596724 432.31272551039064 444.73183795711685 456.52797482475 467.23700740741975 476.2315282297103 482.79408164772053 486.272522409776 0.0
0.0 -67.64273894684075 -64.00128116018425 -57.21341550578723 -48.06285092568219 -37.3548953718554 -25.7342395340642 -13.630508142847702 -1.2907324876998443 11.159616273457024 23.663279316599205 36.19647457449938 48.750123783883524 61.32102895751595 73.90823222279998 86.51120674885186 99.12995821253809 111.76450452401566 124.41486403654227 137.08105530276515 149.7630970618305 162.4610082293794 175.1748078865617 187.90451526819263 200.65014975027825 213.41173083715398 226.18927814849778 238.98281140648652 251.79235042336236 264.61791508966326 277.4595253043802 290.3172008238678 303.19096094925726 316.08082294281286 328.9867969328265 341.9088693649093 354.8469516474868 367.8007287701006 380.7692375693744 393.749763156716 406.73514727715076 419.7077297514163 432.62693162939405 445.40653235509205 457.8786936857311 469.7476065726136 480.5484647801291 489.6439219633405 496.2962049409857 499.8282891196597 0.0
0.0 -55.67004671865968 -51.96215131366184 -45.067828716026554 -35.80515098685453 -25.00321075390276 -13.3143114649483 -1.1645563534041088 11.206343356004451 23.679427984681322 36.2017090101502 48.751721227230085 61.321477954257524 73.90823222279998 86.51111252742015 99.12988558376844 111.76445087067312 124.41482518719468 137.0810277854081 149.76307805612146 162.46099548152074 175.1747996279445 187.9045101392648 200.65014673036706 213.41172918082154 226.18927732884367 238.98281106563243 251.79235033016334 264.61791510449825 277.45952540598313 290.317201232005 303.1909625214331 316.0808287975048 328.98681798097186 341.9089422813877 354.84719454671676 367.80150499724635 380.77161094511524 393.7566859683251 406.75434823642155 419.7581878573928 432.752074660476 445.69821927546775 458.5147902729117 471.03953354210864 482.98139820054325 493.87543928852256 503.07449882157294 509.8197335507932 513.4077229266782 0.0
0.0 -43.69067834699484 -39.912959906657996 -32.907751771748714 -23.529847526943346 -12.632853421975161 -0.876065478920887 11.31885593185172 23.720104704864415 36.21541986151623 48.75605255745272 61.322766328194085 73.90859435011502 86.51120674885186 99.12988558376844 111.76443337053732 124.41481236872413 137.08101881028475 149.7630719289842 162.46099141685528 175.1747970209278 187.90450853382498 200.65014579066985 213.41172866628642 226.18927707264123 238.98281095654204 251.79235029760716 264.61791510650977 277.45952542349494 290.31720130626434 303.190962822893 316.0808299818382 328.9868224791223 341.9089587715096 354.8472527901296 367.80170278225876 380.77225516593126 393.75869327784613 406.76031362123314 419.7750404670074 432.7971674299208 445.8120365214004 458.7846089447226 471.6374984565012 484.21429468669976 496.22921973819217 507.21778675677314 516.5232120306872 523.3648143119906 527.0111361668903 0.0
0.0 -31.705048655239114 -27.853824746801067 -20.73300213833345 -11.236662997992486 -0.2436220127177535 11.58058417215852 23.819740256818434 36.250538730137315 48.767582271072854 61.32631100739126 73.90961974742154 86.5114870366868 99.12995821253809 111.76445087067312 124.41481236872413 137.08101595159596 149.76306995435516 162.4609901188309 175.1747961954282 187.90450802893815 200.6501454963963 213.4117285051167 226.18927699167054 238.98281092100865 251.79235028571472 264.617915105384 277.45952542611855 290.3172013186421 303.1909628759387 316.08083020171614 328.9868233610696 341.908962190519 354.84726558071986 367.8017488750101 380.772414836647 393.7592237231315 406.7619990690796 419.7801471723251 432.8118720095058 445.8521251736472 458.8876589859527 471.88613663717496 484.7746596392919 497.40291483865093 509.49093443692345 520.5753488777052 529.9900027326297 536.9315977565723 540.6388622548174 0.0
0.0 -19.713610112959984 -15.784864204727054 -8.543371387087195 1.0747018953738998 12.164690017542844 24.05571816769952 36.3381019505696 48.79762914117415 61.335904632507 73.91248564283484 86.51229194547042 99.1301716697824 111.76450452401566 124.41482518719468 137.08101881028475 149.76306995435516 162.46098971209278 175.1747959333252 187.90450786943924 200.65014540367886 213.4117284542334 226.1892769658225 238.9828109092934 251.792350281367 264.6179151044372 277.4595254264169 290.31720132051845 303.1909628844677 316.08083023905766 328.9868235193181 341.9089628391958 354.84726814969247 367.80175869028216 380.7724509525965 393.7593514440598 406.7624321495864 419.78155144722655 432.81621302749545 445.8648748775565 458.9231006346357 471.97898727609055 485.00284159974103 497.9262805265976 510.6053328208672 522.7663987633376 533.9479520201036 543.4747982530848 550.5202379183262 554.2912578824819 0.0
0.0 -7.716857518223626 -3.7061958869186387 3.661378663253118 13.404569775049826 24.59229361021011 36.54941097359682 48.8739396326745 61.3613562106231 73.92037558257395 86.51457808395467 99.13079389382251 111.76466429239393 124.41486403654227 137.0810277854081 149.7630719289842 162.4609901188309 175.1747959333252 187.90450781980158 200.65014537433254 213.41172843808388 226.18927695753823 238.98281090544614 251.7923502798497 264.617915104024 277.4595254264455 290.31720132077555 303.19096288571205 316.0808302448274 328.98682354519457 341.9089629514521 354.8472686204475 367.80176059671874 380.7724583983527 393.75937944216184 406.7625333110006 419.7819018402739 432.817373365911 445.86853733439636 458.9340808842712 472.0101336404984 485.0860681267221 498.1347664492648 511.09237224972327 523.8214891889422 536.0554624721279 547.3354059536573 556.9775101079025 564.1308920300088 567.9687055204969 0.0
0.0 4.284666562788272 8.382065128535677 15.881520410222207 25.753288181878162 37.039403069858814 49.061729570380756 61.42724473345275 73.94169684763142 86.52098316635033 99.13259040698871 111.76513711264484 124.41498131275192 137.08105530276515 149.76307805612146 162.46099141685528 175.1747961954282 187.90450786943924 200.65014537433254 213.41172843302212 226.18927695487298 238.98281090418132 251.7923502793252 264.6179151038568 277.45952542642783 290.3172013208048 303.1909628858747 316.08083024563103 328.98682354902377 341.9089629690768 354.8472686988294 367.80176093341487 380.77245979421997 393.75938502060626 406.76255476776447 419.7819811197263 432.8176541081712 445.86948760305484 458.93714596446836 472.019521588938 485.11326420708224 498.2089497094029 511.2819572768492 524.2729508401732 537.0513269522388 549.3579687780059 560.7375024936339 570.4980317058737 577.7637200809955 581.6716162727744 0.0
0.0 16.29036544900305 20.47980862105392 28.117365633794734 38.12123113892203 49.506234730254825 61.59273205059275 73.99800104391797 86.5386247252784 99.13771505207228 111.76652526416113 124.41533370601039 137.08113950256833 149.7630970618305 162.46099548152074 175.1747970209278 187.90450802893815 200.65014540367886 213.41172843808388 226.18927695487298 238.98281090377063 251.79235027914447 264.61791510379163 277.45952542641277 290.3172013208069 303.19096288589316 316.08083024573034 328.98682354953036 341.90896297156456 354.84726871060593 367.8017609872002 380.77246003123025 393.75938602779433 406.7625588912212 419.7819973602918 432.8177155318072 445.8697101886453 458.93791676150914 472.02206449723263 485.1212282442443 498.2325324379104 511.34768153548305 524.4444637286618 537.4680377198289 550.2947923953737 562.673754650104 574.1540140706886 584.0362356990344 591.4188841941049 595.4004331469378 0.0
0.0 28.299580905172263 32.586932289655365 40.3692714736979 50.50880062883066 61.993005264796565 74.14246608703392 86.58618431182391 99.15211046958333 111.77055876892854 124.41638600253921 137.08139639115902 149.7631559920686 162.4610082293794 175.1747996279445 187.90450853382498 200.6501454963963 213.4117284542334 226.18927695753823 238.98281090418132 251.79235027914447 264.61791510376827 277.4595254264061 290.31720132080676 303.19096288589486 316.0808302457409 328.98682354958896 341.9089629718751 354.84726871218334 367.80176099490154 380.77246006743087 393.7593861917321 406.76255960640816 419.78200036380304 432.81772765944845 445.86975719177724 458.9380912444231 472.02268327125864 485.1233182071544 498.23923174477414 511.3679784170615 524.5023143373904 537.6223390578781 550.6776602014986 563.5518360080299 576.0026512564369 587.5846922357479 597.5919709239007 605.0965477682586 609.155634815525 0.0
0.0 40.31158438064891 44.70334576703027 52.63764734127418 62.91642790622812 74.49992957943586 86.71096727769093 99.19176190417862 111.78212191668736 124.41950196617131 137.0821767793376 149.76333852089323 162.46104826135743 175.1748078865617 187.9045101392648 200.65014579066985 213.4117285051167 226.1892769658225 238.98281090544614 251.7923502793252 264.61791510379163 277.4595254264061 290.31720132080613 303.1909628858949 316.0808302457417 328.98682354959465 341.9089629719083 354.84726871236745 367.8017609958738 380.7724600723449 393.7593862155732 406.7625597176121 419.7820008627505 432.81772981224213 445.8697661156731 458.93812673083136 472.0228183710783 485.1238093932007 498.24093205336925 511.3735625775963 524.519642096413 537.6728999269818 550.8156401419458 563.9018519925104 576.822413530258 589.344484590695 601.0292661160312 611.1650588682438 618.7968743179304 622.9377399592155 0.0
0.0 52.32556664026356 56.828975873389986 64.92296290204894 75.34457453935387 87.02721821892294 99.29825738047944 111.81469255963533 124.42862444449439 137.08453269073894 149.763902671021 162.46117409825808 175.17483412819405 187.90451526819263 200.65014673036706 213.41172866628642 226.18927699167054 238.9828109092934 251.7923502798497 264.6179151038568 277.45952542641277 290.31720132080676 303.1909628858949 316.08083024574177 328.986823549595 341.90896297191114 354.84726871238524 367.80176099597844 380.7724600729242 393.7593862186203 406.7625597329286 419.78200093654596 432.8177301535511 445.8697676315035 458.938133191967 472.02284477052666 485.12391260296226 498.2413172244724 511.37493067253087 524.5242507758171 537.6875631784354 550.8594910302425 564.0244274589445 577.1406536920135 590.1064871191138 602.6990763188572 614.4874408464505 624.7552895882019 632.5200259197538 636.7473123034641 0.0
0.0 64.3406254293685 68.96377348863149 77.22575727704884 87.79373303975154 99.57507421187765 111.90434245958677 124.45492625790905 137.0915813838615 149.76563967955337 162.46156977327362 175.17491778280348 187.90453173233936 200.65014975027825 213.41172918082154 226.18927707264123 238.98281092100865 251.792350281367 264.617915104024 277.45952542642783 290.3172013208069 303.19096288589486 316.0808302457417 328.986823549595 341.90896297191125 354.84726871238644 367.80176099598725 380.7724600729805 393.7593862189512 406.7625597347543 419.78200094610537 432.8177302013096 445.8697678598635 458.93813423834615 472.0228493656208 485.123931926443 498.24139491949677 511.37522870526857 524.5253383750024 537.6913258760079 550.8717809960086 564.0621410980583 577.2487650165053 590.3941132703522 603.4040266404251 616.0662448887605 627.9588960114304 638.3624169898123 646.26616114962 650.5849664851909 0.0
0.0 76.35575072254899 81.10772254286952 89.54664961819806 100.26442689440506 112.14368927614359 124.52921097679616 137.11240423667246 149.77095451289935 162.46281266135585 175.175185288769 187.90458488787883 200.65015951674738 213.41173083715398 226.18927732884367 238.98281095654204 251.79235028571472 264.6179151044372 277.4595254264455 290.3172013208048 303.19096288589316 316.0808302457409 328.98682354959465 341.90896297191114 354.84726871238644 367.80176099598765 380.77246007298436 393.75938621897916 406.762559734933 419.7820009471536 432.81773020707277 445.8697678898814 458.9381343873146 472.0228500719723 485.12393512982777 498.24140881176135 511.37528625173763 524.5255656270622 537.6921791445607 550.8748168804353 564.0723343910153 577.2809040933535 590.4887202266029 603.6622865162974 616.7150110864985 629.4458069517519 641.4432841463475 651.9861533776568 660.0354323579419 664.4513749180095 0.0
0.0 88.36980698615388 93.26085178782442 101.8863512129815 112.75720975833396 124.73323930531895 137.1728318754578 149.78705918950453 162.4667046356185 175.17604266162317 187.90475759960017 200.6501913686283 213.41173620597678 226.18927814849778 238.98281106563243 251.79235029760716 264.617915105384 277.4595254264169 290.31720132077555 303.1909628858747 316.08083024573034 328.98682354958896 341.9089629719083 354.84726871238524 367.80176099598725 380.77246007298436 393.75938621898035 406.76255973494517 419.78200094724264 432.81773020764166 445.8697678932094 458.93813440553316 472.02285016632305 485.1239355946068 498.24141099517357 511.3752960407194 524.525607489113 537.692349642107 550.8754766417187 564.074752225014 577.2892615937609 590.5158342555723 603.7443637195931 616.9452374350832 630.039430116417 642.8375791516398 654.9402293661657 665.6261631617596 673.8279820835896 678.3472758647922 0.0
0.0 100.38151173002213 105.42325022989374 114.2456792599104 125.27266349544043 137.34387906169067 149.8351527225038 162.47881568074075 175.1787922431067 187.90532230270873 200.65029632129387 213.41175380061455 226.18928078230215 238.98281140648652 251.79235033016334 264.61791510650977 277.45952542611855 290.31720132051845 303.19096288571205 316.08083024563103 328.98682354953036 341.9089629718751 354.84726871236745 367.80176099597844 380.7724600729805 393.75938621897916 406.76255973494517 419.7820009472465 432.8177302076804 445.8697678934941 458.93813440734885 472.02285017690923 485.12393565228854 498.24141129200854 511.3752974909965 524.5256142319058 537.6923794862344 550.8756022740703 564.0752542107024 577.2911597538658 590.5226001055435 603.7669858443046 617.015769091212 630.2430385771593 643.3772857099641 656.2413803420042 668.449326212534 679.2820556030142 687.6439383443907 692.2734829776635 0.0
0.0 112.38940942220557 117.59508739989937 126.62557242085798 137.81139466855922 149.97573601291063 162.5160979951638 175.18759081415953 187.90717825145157 200.65064608999637 213.41181233555037 226.1892893493059 238.982812460101 251.79235042336236 264.61791510449825 277.45952542349494 290.3172013186421 303.1909628844677 316.0808302448274 328.98682354902377 341.90896297156456 354.84726871218334 367.8017609958738 380.7724600729242 393.7593862189512 406.762559734933 419.78200094724264 432.8177302076804 445.8697678935065 458.9381344074732 472.0228501778222 485.1239356580974 498.24141132575534 511.37529767391686 524.5256151666134 537.6923840113619 550.8756230696789 564.0753449296125 577.2915348900294 590.5240667012923 603.7723865869447 617.0344128648006 630.3030125769617 643.5557712744267 656.7285939188434 669.6570342979812 681.970138840874 692.9533764686905 701.4834084586847 706.230896631119 0.0
0.0 124.39183957667333 129.77664003225405 139.0271081859597 150.37402897400622 162.62890327302893 175.21556762404845 187.91329519159493 200.65182480571372 213.41201067361717 226.18931779925433 238.9828157310064 251.79235065917345 264.61791508966326 277.45952540598313 290.31720130626434 303.1909628759387 316.08083023905766 328.98682354519457 341.9089629690768 354.84726871060593 367.80176099490154 380.7724600723449 393.7593862186203 406.7625597347543 419.7820009471536 432.81773020764166 445.8697678934941 458.9381344074732 472.0228501778622 485.1239356584981 498.24141132869124 511.37529769255144 524.525615274436 537.69238459241 550.8756260154609 564.0753590446391 577.2915989107078 590.5243414265541 603.7734996818601 617.0386567546196 630.3181687791872 643.6061726494656 656.8835257576272 670.0933866893891 683.0843729920988 695.5022007073117 706.639598465296 715.3464709409582 720.2205174582679 0.0
0.0 136.3868974771541 141.96832726572447 151.45152196225519 162.9612029895561 175.30343164775186 187.9334359327234 200.6558341940211 213.41269613335712 226.18941507430034 238.9828261279184 251.792351166178 264.6179149777134 277.4595253043802 290.317201232005 303.190962822893 316.08083020171614 328.9868235193181 341.9089629514521 354.8472686988294 367.8017609872002 380.77246006743087 393.7593862155732 406.7625597329286 419.78200094610537 432.81773020707277 445.8697678932094 458.93813440734885 472.0228501778222 485.1239356584981 498.2414113288205 511.37529769384554 524.5256152839077 537.6923846523626 550.8756263607974 564.075360893543 577.2916082013448 590.5243854274719 603.7736962927384 617.0394846891401 630.3214452894908 643.6183062083572 656.9253295360835 670.2264011257203 683.4717137190835 696.5232405044649 709.0450149633607 720.340110319862 729.2331648651077 734.2434626090904 0.0
0.0 148.37238554221793 154.17075721187126 163.9002275897806 175.57355245735292 187.99932084511528 200.66955114505794 213.41510961038495 226.18975942373848 238.98286086136 251.79235195257078 264.61791432648323 277.4595247607738 290.3172008238678 303.1909625214331 316.0808299818382 328.9868233610696 341.9089628391958 354.8472686204475 367.80176093341487 380.77246003123025 393.7593861917321 406.7625597176121 419.78200093654596 432.8177302013096 445.8697678898814 458.93813440553316 472.02285017690923 485.1239356580974 498.24141132869124 511.37529769384554 524.5256152843268 537.6923846565584 550.8756263914622 564.0753610870387 577.2916093102914 590.5243913211655 603.7737256112523 617.0396217068178 630.3220471034477 643.6207857592977 656.9348766307338 670.2605646564178 683.5845051357973 696.8636442945796 709.973497633995 722.5980558258389 734.0542043981457 743.1434758877695 748.3009853909134 0.0
0.0 160.34575272908458 166.38478873871946 176.3748386559373 188.21169615704056 200.71651000404708 213.4237356638557 226.19102162733003 238.98298570271663 251.79235227085422 264.6179110501817 277.4595220838004 290.3171987594101 303.19096094925726 316.0808287975048 328.9868224791223 341.908962190519 354.84726814969247 367.80176059671874 380.77245979421997 393.75938602779433 406.76255960640816 419.7820008627505 432.8177301535511 445.8697678598635 458.9381343873146 472.02285016632305 485.12393565228854 498.24141132575534 511.37529769255144 524.5256152839077 537.6923846565584 550.8756263928266 564.0753611006967 577.2916094099518 590.5243919478374 603.7737291823114 617.0396405277237 630.3221396554294 643.6212117086873 656.9367105583747 670.26793008534 683.6119599824092 696.9579537807714 710.269269041388 723.4350272672236 736.1607712622972 747.7810627877329 757.0773178526556 762.3944991356018 0.0
0.0 172.30401856412777 178.61161368788257 188.8771894580216 200.87621424663178 213.45486782424865 226.19578735470606 238.98347117468649 251.79235066352354 264.6178962528024 277.4595099173835 290.3171891297715 303.1909534050292 316.08082294281286 328.98681798097186 341.9089587715096 354.84726558071986 367.80175869028216 380.7724583983527 393.75938502060626 406.7625588912212 419.78200036380304 432.81772981224213 445.8697676315035 458.93813423834615 472.0228500719723 485.1239355946068 498.24141129200854 511.37529767391686 524.525615274436 537.6923846523626 550.8756263914622 564.0753611006967 577.2916094144132 590.5243919924965 603.7737295075955 617.0396425650686 630.3221511897315 643.621271918183 656.9370027181284 670.2692508673064 683.6175148877824 696.9795973275582 710.3468706222396 723.6887014948616 736.9077405416483 749.7325874196786 761.5197418482846 771.0345085291723 776.5256063794731 0.0
0.0 184.2436773049949 190.852866624712 201.40935366286737 213.56761977494114 226.21418276310683 238.98548209298346 251.7923625959276 264.617835407304 277.4594588085197 290.317147657227 303.1909200430484 316.08079632700765 328.9867969328265 341.9089422813877 354.8472527901296 367.8017488750101 380.7724509525965 393.75937944216184 406.76255476776447 419.7819973602918 432.81772765944845 445.8697661156731 458.938133191967 472.0228493656208 485.12393512982777 498.24141099517357 511.3752974909965 524.5256151666134 537.69238459241 550.8756263607974 564.0753610870387 577.2916094099518 590.5243919924965 603.7737295222569 617.0396427118301 630.3221522565135 643.6212785696379 656.9370400935782 670.2694438086312 683.6184366347295 696.983677368763 710.3635575764603 723.7513858481981 737.1220793788654 750.3915838076648 763.3129153264817 775.2691553591021 785.0147375390632 790.696134759884 0.0
0.0 196.16057628430576 203.11077181058877 213.97365749692443 226.28632192941228 238.99415401213858 251.79257784236225 264.6176065786397 277.45926022271345 290.3169826347237 303.1907839647261 316.08068492932614 328.9867064377402 341.9088693649093 354.84719454671676 367.80170278225876 380.772414836647 393.7593514440598 406.7625333110006 419.7819811197263 432.8177155318072 445.86975719177724 458.93812673083136 472.02284477052666 485.123931926443 498.24140881176135 511.3752960407194 524.5256142319058 537.6923840113619 550.8756260154609 564.075360893543 577.2916093102914 590.5243919478374 603.7737295075955 617.0396427118301 630.3221523049685 643.6212790546732 656.9370436109406 670.269465625612 683.6185581625041 696.9842965829678 710.3664616454769 723.7639198712285 737.1716350304818 750.569565453259 763.8865463420927 776.9011605151672 789.0280566038965 799.0175238440646 804.9081814529769 0.0
0.0 208.0497605225548 215.3883406604653 226.57268247284574 239.03257952910016 251.7943842904633 264.61682051969905 277.45854639953893 290.31637581434063 303.19027182325794 316.0802554379544 328.9863486685044 341.90857345582134 354.8469516474868 367.80150499724635 380.77225516593126 393.7592237231315 406.7624321495864 419.7819018402739 432.8176541081712 445.8697101886453 458.9380912444231 472.0228183710783 485.12391260296226 498.24139491949677 511.37528625173763 524.525607489113 537.6923794862344 550.8756230696789 564.0753590446391 577.2916082013448 590.5243913211655 603.7737291823114 617.0396425650686 630.3221522565135 643.6212790546732 656.9370437721145 670.2694672389641 683.6185698303866 696.9843685158496 710.3668582384265 723.7659094365648 737.1807607774026 750.6077575657724 764.0313477654389 777.3926686909997 790.4967363374161 802.7950200655771 813.0421592369656 819.1641685357889 0.0
0.0 219.90527304100488 227.6896378944254 239.2092499323175 251.80644339269966 264.6143759078932 277.45617328063594 290.3143138289466 303.1884932627008 316.0787298502092 328.98504768778326 341.9074708525752 354.84602328347967 367.8007287701006 380.77161094511524 393.75869327784613 406.7619990690796 419.78155144722655 432.817373365911 445.86948760305484 458.93791676150914 472.02268327125864 485.1238093932007 498.2413172244724 511.37522870526857 524.5255656270622 537.692349642107 550.8756022740703 564.0753449296125 577.2915989107078 590.5243854274719 603.7737256112523 617.0396405277237 630.3221511897315 643.6212785696379 656.9370436109406 670.2694672389641 683.6185703704633 696.9843739220229 710.3668972119309 723.7661479867121 737.1820599310353 750.6141534582946 764.0598947977259 777.5076391171012 790.9100514128183 804.0990818701628 816.5684239210414 827.0876330026141 833.466912401515 0.0
0.0 231.71989669488912 240.0201414531913 251.88637564030742 264.60768665072897 277.4488811951118 290.3078408270661 303.18279507589784 316.07373796357297 328.98069652641976 341.9036983398743 354.8427708952419 367.7979415633501 380.7692375693744 393.7566859683251 406.76031362123314 419.7801471723251 432.81621302749545 445.86853733439636 458.93714596446836 472.02206449723263 485.1233182071544 498.24093205336925 511.37493067253087 524.5253383750024 537.6921791445607 550.8754766417187 564.0752542107024 577.2915348900294 590.5243414265541 603.7736962927384 617.0396217068178 630.3221396554294 643.621271918183 656.9370400935782 670.269465625612 683.6185698303866 696.9843739220229 710.3668990372144 723.7661662578182 737.1821911513135 750.6149497205693 764.0641668930072 777.5281878371418 790.9986755388735 804.4388638465848 817.7076854158034 830.3464353168804 841.1525311611493 847.8197113559088 0.0
0.0 243.48481842329315 252.38723078942084 264.6071766925998 277.4281992458945 290.2890756048251 303.1659588756054 316.0586961351206 328.96731554268706 341.8918488604233 354.83232809196625 367.7887853817844 380.7612529718359 393.749763156716 406.75434823642155 419.7750404670074 432.8118720095058 445.8648748775565 458.9340808842712 472.019521588938 485.1212282442443 498.23923174477414 511.3735625775963 524.5242507758171 537.6913258760079 550.8748168804353 564.074752225014 577.2911597538658 590.5240667012923 603.7734996818601 617.0394846891401 630.3220471034477 643.6212117086873 656.9370027181284 670.2694438086312 683.6185581625041 696.9843685158496 710.3668972119309 723.7661662578182 737.1821973823627 750.6150120934342 764.0646128027298 777.5308651789187 791.012775122869 804.5047135581447 817.9793523363521 831.3221146513679 844.1270016026562 855.234901286959 862.2264568674358 0.0
0.0 255.1891900737525 264.800851448127 277.3756446847745 290.2388601212259 303.1201005009967 316.01697323116207 328.9294927459749 341.8576928015597 354.8016082716171 367.7612747816883 380.73672867125583 393.72800695505276 406.73514727715076 419.7581878573928 432.7971674299208 445.8521251736472 458.9231006346357 472.0101336404984 485.11326420708224 498.2325324379104 511.3679784170615 524.519642096413 537.6875631784354 550.8717809960086 564.0723343910153 577.2892615937609 590.5226001055435 603.7723865869447 617.0386567546196 630.3214452894908 643.6207857592977 656.9367105583747 670.2692508673064 683.6184366347295 696.9842965829678 710.3668582384265 723.7661479867121 737.1821911513135 750.6150120934342 764.0646343292586 777.531080659687 791.0143069634025 804.5137897985942 818.0260260572678 831.5318470948721 844.9420544204967 857.907852490512 869.3320705527989 876.6917757605252 0.0
0.0 266.81955070785375 277.2743048745622 290.1150222652657 303.0049919535981 315.9104788961959 328.83126463369285 341.76737652722574 354.7188453270152 367.6857033527083 380.6679844968291 393.66572425562975 406.67895975242686 419.7077297514163 432.752074660476 445.8120365214004 458.8876589859527 471.97898727609055 485.0860681267221 498.2089497094029 511.34768153548305 524.5023143373904 537.6728999269818 550.8594910302425 564.0621410980583 577.2809040933535 590.5158342555723 603.7669858443046 617.0344128648006 630.3181687791872 643.6183062083572 656.9348766307338 670.26793008534 683.6175148877824 696.983677368763 710.3664616454769 723.7659094365648 737.1820599310353 750.6149497205693 764.0646128027298 777.531080659687 791.0143824131005 804.514545050826 818.0313570193057 831.5628965610742 845.0967665855145 858.5673528927888 871.6865207778774 883.4404000131635 891.2212131053853 0.0
0.0 278.35907724620915 289.83551180498944 302.73879671612656 315.66041134782597 328.5969385475378 341.5483652386482 354.51470487039325 367.4959729394883 380.4921869520311 393.5033665769686 406.52953380612354 419.57071311596724 432.62693162939405 445.69821927546775 458.7846089447226 471.88613663717496 485.00284159974103 498.1347664492648 511.2819572768492 524.4444637286618 537.6223390578781 550.8156401419458 564.0244274589445 577.2487650165053 590.4887202266029 603.7443637195931 617.015769091212 630.3030125769617 643.6061726494656 656.9253295360835 670.2605646564178 683.6119599824092 696.9795973275582 710.3635575764603 723.7639198712285 737.1807607774026 750.6141534582946 764.0641668930072 777.5308651789187 791.0143069634025 804.514545050826 818.031626228139 831.5655913441902 845.115611878069 858.6746179492912 872.1980761826651 885.4603932214372 897.5549516994814 905.8214689124652 0.0
0.0 289.78533258257556 302.17179592084426 315.12017259903956 328.08347712181467 341.0613434142155 354.0537514446846 367.06068450534866 380.08212691948177 393.1180642520749 406.16848356237625 419.23337368073106 432.31272551039064 445.40653235509205 458.5147902729117 471.6374984565012 484.7746596392919 497.9262805265976 511.09237224972327 524.2729508401732 537.4680377198289 550.6776602014986 563.9018519925104 577.1406536920135 590.3941132703522 603.6622865162974 616.9452374350832 630.2430385771593 643.5557712744267 656.8835257576272 670.2264011257203 683.5845051357973 696.9579537807714 710.3468706222396 723.7513858481981 737.1716350304818 750.6077575657724 764.0598947977259 777.5281878371418 791.012775122869 804.5137897985942 818.0313570193057 831.5655913441902 845.1165944161411 858.6844531652279 872.2659916316614 885.8345702786653 899.2268089789923 911.6690361265071 920.5007063229875 0.0
